28
68
0   11  513E3
0   26  690E3
1   2   584E3
1   12  263E3
1   27  1068E3
2   1   584E3
2   3   381E3
2   13  588E3
3   2   381E3
3   4   416E3
3   16  536E3
4   3   416E3
4   5   378E3
4   20  668E3
5   4   378E3
5   6   405E3
5   15  530E3
6   5   405E3
6   7   773E3
7   6   773E3
7   8   714E3
7   22  1500E3
8   7   714E3
8   9   329E3
9   8   329E3
9   10  503E3
9   14  218E3
10  9   503E3
10  23  797E3
11  0   513E3
11  12  392E3
11  14  597E3
11  25  750E3
12  1   263E3
12  11  392E3
13  2   588E3
13  14  275E3
13  15  458E3
14  9   218E3
14  11  597E3
14  13  275E3
15  5   530E3
15  13  458E3
16  3   536E3
16  17  728E3
17  16  728E3
17  18  623E3
18  17  623E3
18  19  1214E3
19  18  1214E3
19  20  818E3
20  4   668E3
20  19  818E3
20  21  474E3
21  20  474E3
21  22  1214E3
22  7   1500E3
22  21  1214E3
23  10  797E3
23  24  758E3
24  23  758E3
24  25  831E3
25  11  750E3
25  24  831E3
26  0   690E3
26  27  467E3
27  1   1068E3
27  26  467E3


//
Number of Nodes
Number of Links
SourceNode  DestinationNode LinkLength(m)