28
82
0   1   462E3
0   3   1067E3
1   0   462E3
1   2   690E3
2   1   690E3
2   3   540E3
2   5   514E3
3   0   1067E3
3   2   540E3
3   4   259E3
3   13  552E3
4   3   259E3
4   5   393E3
4   12  474E3
5   2   514E3
5   4   393E3
5   6   747E3
5   9   594E3
5   11  600E3
6   5   747E3
6   7   834E3
7   6   834E3
7   8   760E3
8   7   760E3
8   9   796E3
9   5   594E3
9   8   796E3
9   10  507E3
10  9   507E3
10  11  218E3
10  20  327E3
11  5   600E3
11  10  218E3
11  12  271E3
12  4   474E3
12  11  271E3
12  13  592E3
12  19  456E3
13  3   552E3
13  12  592E3
13  14  381E3
14  13  381E3
14  15  540E3
14  18  775E3
14  19  757E3
14  21  420E3
15  14  540E3
15  16  722E3
16  15  722E3
16  17  623E3
17  16  623E3
17  18  1123E3
18  14  775E3
18  17  1123E3
18  23  819E3
19  12  456E3
19  14  757E3
19  20  522E3
19  22  534E3
20  10  327E3
20  19  522E3
20  26  720E3
21  14  420E3
21  22  376E3
21  23  668E3
22  19  534E3
22  21  376E3
22  25  400E3
23  18  819E3
23  21  668E3
23  24  474E3
24  23  474E3
24  25  551E3
24  27  1209E3
25  22  400E3
25  24  551E3
25  26  783E3
26  20  720E3
26  25  783E3
26  27  1500E3
27  24  1209E3
27  26  1500E3