17
52
0   1   36000
1   0   36000
0   2   41000
2   0   41000
1   3   37000
3   1   37000
2   3   88000
3   2   88000
2   11  182000
11  2   182000
3   4   278000
4   3   278000
3   7   208000
7   3   208000
4   5   144000
5   4   144000
5   6   114000
6   5   114000
5   7   120000
7   5   120000
6   7   157000
7   6   157000
6   8   306000
8   6   306000
7   8   298000
8   7   298000
7   9   258000
9   7   258000
7   11  316000
11  7   316000
8   9   174000
9   8   174000
9   10  275000
10  9   275000
9   11  353000
11  9   353000
10  11  224000
11  10  224000
10  14  187000
14  10  187000
10  16  179000
16  10  179000
11  12  85000
12  11  85000
12  13  64000
13  12  64000
13  14  74000
14  13  74000
14  15  86000
15  14  86000
15  16  143000
16  15  143000


//
Number of Nodes
Number of Links
SourceNode  DestinationNode LinkLength(m)

