14
42
0   1   1136E3
0   2   1702E3
0   7   2838E3
1   0   1136E3
1   2   683E3
1   3   959E3
2   0   1702E3
2   1   683E3
2   5   2049E3
3   1   959E3
3   4   573E3
3   10  2349E3
4   3   573E3
4   5   1450E3
4   6   732E3
5   2   2049E3
5   4   1450E3
5   9   1128E3
5   13  1976E3
6   4   732E3
6   7   718E3
7   0   2838E3
7   6   718E3
7   8   706E3
8   7   706E3
8   9   839E3
8   11  366E3
8   12  451E3
9   5   1128E3
9   8   839E3
10  3   2349E3
10  11  596E3
10  12  789E3
11  8   366E3
11  10  596E3
11  13  385E3
12  8   451E3
12  10  789E3
12  13  246E3
13  5   1976E3
13  11  385E3
13  12  246E3


//
Number of Nodes
Number of Links
SourceNode  DestinationNode LinkLength (m)

